Epoch	AverageEpRet	StdEpRet	MaxEpRet	MinEpRet	AverageTestEpRet	StdTestEpRet	MaxTestEpRet	MinTestEpRet	EpLen	TestEpLen	TotalEnvInteracts	AverageQVals	StdQVals	MaxQVals	MinQVals	LossPi	LossQ	Time
1	-300.4106	52.457817	-201.60472	-348.95987	-595.19855	1.9026924	-590.51227	-597.6671	1000.0	1000.0	5000	12.529525	11.277062	54.551624	-3.6477551	-14.592184	0.9410659	20.143930435180664
2	-287.67374	80.341736	-223.80139	-435.83188	-537.3616	5.185999	-530.4369	-548.8802	1000.0	1000.0	10000	81.66184	25.460085	142.08102	22.24611	-86.325386	3.2207234	35.90595316886902
3	-523.4878	22.154552	-489.87762	-545.7581	-624.22955	9.068542	-612.49945	-638.60034	1000.0	1000.0	15000	119.480705	7.6625113	148.1733	96.53409	-120.63835	2.408533	53.08955216407776
4	-561.99603	126.317474	-396.9144	-776.5781	-468.40747	79.5387	-374.90402	-636.73035	1000.0	1000.0	20000	108.62562	4.710216	130.31514	95.18632	-110.13763	1.8157406	69.82088732719421
5	-434.4164	86.144775	-333.66138	-537.3475	-542.7909	27.85253	-511.1619	-602.9106	1000.0	1000.0	25000	105.35666	6.220312	127.55032	82.48869	-106.323326	1.6957756	86.59072828292847
6	-332.99213	112.07301	-238.26692	-514.18805	-412.01767	52.989586	-324.53958	-485.16006	1000.0	1000.0	30000	87.915054	8.870509	125.45286	64.803734	-88.58105	1.5755497	103.42145729064941
7	-191.009	194.27406	100.82458	-360.56232	72.682785	204.75038	329.96768	-213.48341	1000.0	1000.0	35000	77.949234	8.298383	110.62694	58.965797	-78.85245	1.5517981	121.14292931556702
8	434.4169	411.74878	1103.7347	-60.6963	635.85034	335.2304	1038.779	86.650345	1000.0	1000.0	40000	72.20919	8.697514	108.61321	53.314213	-73.03288	1.5147604	139.1394648551941
9	706.3853	578.61896	1328.8524	-119.34059	944.91144	363.62604	1338.791	383.71954	1000.0	1000.0	45000	71.56803	13.8234415	125.367	47.33673	-72.54159	2.0416288	159.01655530929565
10	1342.8103	341.72125	1756.3776	820.2976	1215.8036	490.48782	1846.0131	298.61496	1000.0	1000.0	50000	78.197235	21.641891	152.68748	45.47688	-79.32899	2.9962986	177.6825520992279
11	1678.2299	718.36346	2119.052	250.31512	1674.7539	554.83167	2025.6366	26.245274	1000.0	1000.0	55000	91.544044	30.993034	189.56888	42.31336	-92.92552	4.548852	194.7980830669403
12	2038.0397	207.66995	2413.8337	1798.1598	2355.159	205.47128	2636.0635	1925.6229	1000.0	1000.0	60000	112.13418	39.46584	213.15959	44.831562	-113.71101	5.775085	212.02767300605774
13	2452.71	158.92503	2665.8992	2250.4297	2818.3347	103.37955	2996.593	2643.1646	1000.0	1000.0	65000	135.11092	44.784046	234.95189	54.16111	-136.81682	6.1652827	229.1735236644745
14	2644.7803	71.61679	2757.8984	2535.9844	2865.267	141.33022	3070.0486	2667.8284	1000.0	1000.0	70000	158.48827	47.597977	254.94624	66.60965	-160.22969	6.387243	246.31254363059998
15	2013.1498	1111.3324	3139.5344	288.4374	2371.2466	1101.9877	3436.1084	387.07736	1000.0	1000.0	75000	179.85414	50.063408	281.17966	85.81389	-181.58762	7.1361127	263.4222249984741
16	2441.3022	1060.6453	3123.1396	335.2246	2751.1406	870.3654	3518.5713	926.3108	1000.0	1000.0	80000	195.74947	56.1245	307.89725	93.075554	-197.42458	8.360915	280.59298944473267
17	1757.2473	1194.8079	3119.479	152.3437	2916.2563	799.6375	3385.7383	575.51874	1000.0	1000.0	85000	209.52258	63.934452	325.65262	89.53983	-211.18715	9.77716	297.73529505729675
18	2674.7341	1089.4495	3416.3496	530.5495	3015.1643	663.386	3558.8962	1280.6029	1000.0	1000.0	90000	222.97508	70.95016	344.03525	88.34705	-224.69792	11.125354	318.123898267746
19	2946.473	699.2246	3599.6262	1629.264	3604.998	116.754745	3804.1443	3375.1594	1000.0	1000.0	95000	236.27333	77.174934	362.697	84.51591	-237.99	12.459269	337.00013422966003
20	2895.4292	1093.5328	3721.7588	736.80084	3752.8853	85.34828	3947.176	3648.8098	1000.0	1000.0	100000	250.37679	82.28015	376.23148	79.29563	-252.1481	13.827819	355.46127581596375
21	2062.3381	1644.6761	3421.5518	-43.800552	3709.487	156.40303	3927.6875	3333.7568	1000.0	1000.0	105000	260.0184	88.18904	387.67117	65.246605	-261.7347	14.611675	372.7518970966339
22	3200.23	203.77544	3407.9937	2837.7378	2888.143	1206.471	3739.0117	-170.7507	1000.0	1000.0	110000	271.54727	92.83946	396.23322	63.465393	-273.28134	14.975975	390.0109393596649
23	3007.4458	761.58673	3774.78	1848.3925	3380.414	579.2363	3792.5928	2101.5312	1000.0	1000.0	115000	282.46878	95.77099	406.7452	61.884758	-284.22263	15.580697	407.35353326797485
24	3532.293	130.27611	3755.1917	3365.4646	3793.7708	84.91911	3873.8545	3593.806	1000.0	1000.0	120000	293.4078	96.89297	413.3062	59.327568	-295.14844	15.222326	424.65680623054504
25	3672.2422	63.415627	3731.27	3594.467	3751.338	165.74356	4010.9707	3357.309	1000.0	1000.0	125000	303.1808	97.39601	419.47235	60.7968	-304.92056	14.321211	442.04159331321716
26	3598.4731	248.54063	3946.768	3249.9985	3449.2292	393.39395	3928.3103	2379.0056	1000.0	1000.0	130000	312.28403	97.5024	426.4623	61.763176	-313.97952	13.912489	459.47928619384766
27	3503.9146	45.719803	3575.9841	3447.241	3596.3093	171.98956	3909.1086	3339.4004	1000.0	1000.0	135000	320.82562	97.74748	435.33725	65.984146	-322.4952	14.207237	476.86330938339233
28	3450.2532	173.11203	3790.506	3310.6877	3226.994	1018.70264	3762.8562	219.53595	1000.0	1000.0	140000	327.69843	97.739876	437.93472	65.314316	-329.3633	14.329845	494.26134634017944
29	3581.6074	133.229	3759.0872	3347.0247	3770.3333	164.0955	4117.782	3498.654	1000.0	1000.0	145000	334.92734	97.08665	447.21194	71.91967	-336.57224	13.994505	511.68006205558777
30	3555.6035	184.71619	3777.0083	3230.8765	3918.7957	161.11394	4174.239	3609.7964	1000.0	1000.0	150000	340.57294	96.92936	449.64478	77.97287	-342.18704	13.841856	529.1291353702545
31	3883.9204	94.83505	4047.3025	3774.6343	3519.1985	617.0905	4096.1436	2312.7085	1000.0	1000.0	155000	346.2709	96.37147	453.81976	83.903435	-347.8642	13.745763	546.5315670967102
32	3580.4702	158.58047	3762.9539	3285.33	3940.1367	170.20244	4186.1924	3610.3164	1000.0	1000.0	160000	351.68063	95.72595	456.52136	85.06583	-353.2596	13.29734	563.9939048290253
33	3758.142	215.8214	4044.369	3400.0156	3917.1711	144.64882	4176.6353	3725.2517	1000.0	1000.0	165000	356.34317	95.043594	462.6549	101.18003	-357.90677	13.586963	581.3684792518616
34	3114.8516	1308.3949	3962.2693	506.39294	3602.614	172.073	3761.9917	3189.1206	1000.0	1000.0	170000	360.20667	94.97674	465.957	88.63122	-361.74698	13.206706	598.9169199466705
35	3737.5261	192.12051	3914.864	3483.8008	3926.0266	300.01257	4251.5703	3285.9524	1000.0	1000.0	175000	363.0144	95.65726	471.3928	81.07503	-364.5322	13.4673605	616.5777614116669
36	3692.5376	255.33994	4103.076	3298.883	3760.3237	154.71799	3962.7195	3430.9746	1000.0	1000.0	180000	366.5835	96.15521	472.478	85.33007	-368.08514	13.649987	634.1517055034637
37	3703.9856	190.51042	3916.1719	3397.2886	4042.1196	148.93297	4322.3486	3822.5825	1000.0	1000.0	185000	370.23734	96.17267	474.3858	76.963135	-371.71942	13.791578	651.6719110012054
38	3626.243	139.68614	3755.8047	3368.1084	4044.1687	149.94191	4267.676	3777.2678	1000.0	1000.0	190000	373.24304	95.95207	476.82053	86.143265	-374.72476	13.690767	669.1504378318787
39	3362.8042	1222.3104	4085.9373	921.573	4077.2644	100.88223	4274.2114	3882.7168	1000.0	1000.0	195000	374.96457	97.1611	478.06708	85.453445	-376.39856	13.95209	686.9076137542725
40	3787.1626	148.3954	4014.2144	3575.6274	3651.5103	532.24646	4119.498	2115.4333	1000.0	1000.0	200000	377.5922	97.95677	479.96558	84.062874	-379.03943	14.0310955	704.4858169555664
41	3928.097	145.5769	4099.5947	3755.1853	3664.325	1246.7499	4177.825	-66.32793	1000.0	1000.0	205000	380.70822	98.45278	480.66565	79.27557	-382.1519	14.046341	722.0920016765594
42	3894.1382	120.93255	4075.355	3702.812	3956.071	68.90483	4073.1519	3849.3677	1000.0	1000.0	210000	383.32956	99.07664	481.85028	65.78138	-384.74136	13.845639	739.6448211669922
43	3894.8882	162.45667	4142.4277	3706.6592	4240.206	138.3648	4426.948	3995.426	1000.0	1000.0	215000	386.28018	99.31754	483.95477	70.39897	-387.69824	13.997516	757.2419521808624
44	2985.791	1446.7721	3870.5486	106.70384	3655.914	176.75914	3882.8235	3213.6216	1000.0	1000.0	220000	388.42297	100.16975	485.37958	81.035194	-389.82986	13.748666	774.828869342804
45	3906.351	163.1736	4131.694	3715.628	4241.8525	79.51462	4367.971	4100.0405	1000.0	1000.0	225000	389.81754	101.41465	488.36768	68.17873	-391.18924	14.2663965	792.5122790336609
46	4087.0515	132.55428	4331.7876	3936.2395	3267.516	1186.3314	4132.351	33.75005	1000.0	1000.0	230000	391.81863	101.823135	489.39276	59.317253	-393.2114	14.467959	810.3937265872955
47	4079.4075	71.57115	4171.7393	3957.47	4128.3896	50.358627	4201.884	4035.202	1000.0	1000.0	235000	394.88922	101.932945	490.5714	66.513794	-396.28375	14.134966	828.7161002159119
48	2985.356	1179.3228	4068.2803	1096.7742	3887.3406	146.59999	4120.304	3640.7092	1000.0	1000.0	240000	397.0658	102.71683	492.82028	66.05976	-398.4423	13.954966	846.8422129154205
49	3742.4312	347.80753	4233.4365	3276.3826	4297.293	51.27067	4366.13	4196.1445	1000.0	1000.0	245000	398.34845	103.68524	495.20004	60.208614	-399.7126	14.579439	865.4211750030518
